<TICKER>,<PER>,<DATE>,<TIME>,<OPEN>,<HIGH>,<LOW>,<CLOSE>,<VOL>
SBER,1,20160104,130100,98.65,98.65,98.61,98.64,10160
SBER,1,20160105,101400,98.27,98.29,98.14,98.24,167410
SBER,1,20160106,170900,97.7,97.7,97.64,97.69,90760
SBER,1,20160111,151900,92.65,92.7,92.56,92.68,41680
SBER,1,20160112,165100,92.4,92.42,92.3,92.42,121660
SBER,1,20160113,115700,93.28,93.28,93.21,93.26,61570
SBER,1,20160114,113700,91.35,91.35,91.31,91.34,1750
SBER,1,20160114,134900,91.19,91.19,91.11,91.17,19510
SBER,1,20160114,180200,91.22,91.25,91.04,91.18,687530
SBER,1,20160115,165300,86.95,86.99,86.85,86.99,279310
SBER,1,20160118,115000,87.69,87.7,87.6,87.66,144560
SBER,1,20160119,114600,88.61,88.61,88.49,88.59,92430
SBER,1,20160119,133600,89.16,89.18,89.11,89.18,118790
SBER,1,20160119,173600,87.06,87.07,86.88,87,1149120
SBER,1,20160120,101100,84,84,83.75,83.93,1000150
SBER,1,20160120,133300,83.86,83.89,83.81,83.88,76860
SBER,1,20160120,141600,83.27,83.27,83.12,83.25,527580
SBER,1,20160121,120800,84.08,84.16,83.85,84.16,864430
SBER,1,20160121,132800,86.24,86.25,86.12,86.22,278710
SBER,1,20160122,110400,88.35,88.39,88.25,88.38,467180
SBER,1,20160125,123000,91.7,91.7,91.57,91.68,212790
SBER,1,20160125,150100,91.51,91.51,91.35,91.49,479830
SBER,1,20160126,131300,90.4,90.41,90.3,90.37,286070
SBER,1,20160127,100900,91.61,91.62,91.47,91.57,434990
SBER,1,20160129,113500,98.07,98.07,97.97,98.04,71390
SBER,1,20160129,135500,95.25,95.3,95.12,95.28,1201940
SBER,1,20160201,121200,96.83,96.9,96.62,96.88,99450
SBER,1,20160202,122500,94.86,94.91,94.72,94.91,1525390
SBER,1,20160202,142500,94.72,94.75,94.55,94.74,583540
SBER,1,20160203,132700,95.88,95.9,95.83,95.9,33340
SBER,1,20160203,140800,95.75,95.75,95.71,95.74,10130
SBER,1,20160204,123500,97.77,97.8,97.7,97.8,117930
SBER,1,20160204,171700,97.14,97.19,97.05,97.17,115810
SBER,1,20160205,181000,96.98,96.99,96.92,96.99,136160
SBER,1,20160208,130100,95.15,95.22,95,95.22,973170
SBER,1,20160208,144700,95.62,95.64,95.58,95.64,48260
SBER,1,20160209,170400,92.91,92.91,92.84,92.89,154700
SBER,1,20160210,115900,94.61,94.62,94.56,94.62,270710
SBER,1,20160210,133700,94.28,94.3,94.12,94.23,429230
SBER,1,20160211,115100,94.44,94.51,94.35,94.48,112700
SBER,1,20160211,121600,93.7,93.73,93.64,93.72,76330
SBER,1,20160212,162900,94.79,94.79,94.7,94.77,123170
SBER,1,20160219,115800,102.25,102.25,102.14,102.23,88780
SBER,1,20160220,165600,102.48,102.49,102.46,102.49,27550
SBER,1,20160225,143100,104.07,104.07,104.03,104.06,62840
SBER,1,20160225,183200,103.87,103.87,103.8,103.86,320210
SBER,1,20160301,134300,107.08,107.09,107,107.09,70470
SBER,1,20160303,101800,106.37,106.38,106.3,106.35,79330
SBER,1,20160304,171900,108.29,108.3,108.24,108.3,23990
SBER,1,20160307,113300,109.88,109.89,109.83,109.89,47830
SBER,1,20160307,150000,109.5,109.5,109.41,109.48,82880
SBER,1,20160310,104500,107.81,107.81,107.74,107.79,120480
SBER,1,20160311,125700,109.49,109.49,109.43,109.48,38160
SBER,1,20160311,172500,108.95,108.98,108.89,108.97,135130
SBER,1,20160314,141500,108.75,108.75,108.71,108.74,135490
SBER,1,20160314,172400,109.15,109.17,109.08,109.13,167400
SBER,1,20160315,172500,106.62,106.64,106.55,106.6,165650
SBER,1,20160317,100400,108.07,108.09,108,108.09,403530
SBER,1,20160317,164500,108.97,108.99,108.92,108.99,41210
SBER,1,20160317,170100,108.97,108.98,108.92,108.98,27460
SBER,1,20160318,133100,111.33,111.34,111.24,111.31,98180
SBER,1,20160318,172000,112.01,112.02,111.91,112.02,130480
SBER,1,20160321,100600,111.05,111.05,110.94,111.02,651730
SBER,1,20160321,114200,111.99,112,111.85,111.97,173190
SBER,1,20160322,111100,112.92,113,112.8,112.97,509490
SBER,1,20160322,134100,111.75,111.76,111.63,111.72,330850
SBER,1,20160323,105400,111.17,111.19,111.12,111.19,26570
SBER,1,20160323,140300,111.08,111.1,111.04,111.1,47710
SBER,1,20160323,150100,110.54,110.57,110.25,110.49,1063600
SBER,1,20160323,152400,110.35,110.35,110.28,110.34,255430
SBER,1,20160324,182600,107.37,107.38,107.33,107.38,114740
SBER,1,20160325,122700,109.01,109.02,108.98,109.02,20620
SBER,1,20160329,104100,107.32,107.36,107.22,107.35,266450
SBER,1,20160329,131600,106.35,106.35,106.3,106.34,69150
SBER,1,20160329,153200,106.18,106.2,106.13,106.2,182750
SBER,1,20160329,165000,106.13,106.13,106.07,106.11,63620
SBER,1,20160329,175900,106.45,106.45,106.4,106.44,23380
SBER,1,20160330,115500,108.04,108.05,107.9,108,159120
SBER,1,20160330,154500,108.95,108.95,108.92,108.94,25390
SBER,1,20160331,110700,107.39,107.43,107.32,107.42,169550
SBER,1,20160401,105200,108.86,108.88,108.8,108.88,219920
SBER,1,20160406,113100,107.4,107.42,107.34,107.42,60240
SBER,1,20160406,182000,108.04,108.04,107.96,108.02,230280
SBER,1,20160407,133700,108.02,108.04,107.96,108.04,49920
SBER,1,20160411,173700,116.05,116.07,116,116.07,85510
SBER,1,20160412,160200,116.85,116.85,116.78,116.83,55780
SBER,1,20160415,110100,119.36,119.38,119.28,119.34,149510
SBER,1,20160415,151800,118.51,118.52,118.42,118.48,121540
SBER,1,20160419,121400,121.8,121.85,121.68,121.85,224240
SBER,1,20160419,155700,121.23,121.25,121.05,121.19,809920
SBER,1,20160420,110200,121.47,121.5,121.43,121.49,253220
SBER,1,20160420,124100,120.95,120.97,120.9,120.97,253610
SBER,1,20160425,125900,120.05,120.06,119.83,120.02,252040
SBER,1,20160426,102000,119.61,119.61,119.45,119.59,115940
SBER,1,20160426,175900,119.37,119.4,119.26,119.39,152780
SBER,1,20160426,183400,119.47,119.48,119.4,119.45,49210
SBER,1,20160427,112000,120.61,120.7,120.5,120.66,436090
SBER,1,20160428,162600,123.8,123.83,123.7,123.82,197730
SBER,1,20160429,101600,123.64,123.68,123.52,123.68,333600
SBER,1,20160429,103300,124.52,124.6,124.37,124.57,644260
SBER,1,20160429,113900,124.92,124.99,124.81,124.97,104210
SBER,1,20160429,132000,125.08,125.16,124.98,125.13,281000
SBER,1,20160429,141000,125.02,125.06,124.95,125.05,109880
SBER,1,20160429,153600,123.82,123.82,123.72,123.79,83840
SBER,1,20160429,170700,122.15,122.16,122.05,122.12,189810
SBER,1,20160505,120200,121.1,121.11,121.04,121.11,10290
SBER,1,20160506,100200,119.74,119.82,119.55,119.79,569330
SBER,1,20160506,104000,120.04,120.06,119.92,120.06,709600
SBER,1,20160506,125100,118.83,118.84,118.71,118.8,270920
SBER,1,20160506,140300,118.55,118.56,118.52,118.56,6450
SBER,1,20160506,173000,120.15,120.17,120.1,120.16,79360
SBER,1,20160510,160400,118.99,118.99,118.91,118.98,50460
SBER,1,20160510,163200,119.16,119.19,119.08,119.19,58750
SBER,1,20160511,152900,122.63,122.64,122.59,122.64,51240
SBER,1,20160512,145000,122.6,122.6,122.55,122.59,43800
SBER,1,20160512,153400,122.4,122.44,122.34,122.43,18850
SBER,1,20160513,112500,120.92,120.92,120.85,120.9,2130
SBER,1,20160513,122500,120.19,120.19,120.06,120.16,159080
SBER,1,20160513,141200,120.6,120.6,120.5,120.58,62430
SBER,1,20160517,182900,122.68,122.7,122.65,122.69,26650
SBER,1,20160518,174100,123.07,123.1,123.03,123.09,27560
SBER,1,20160519,165700,120.81,120.81,120.7,120.78,537010
SBER,1,20160520,103900,121.63,121.65,121.55,121.65,497160
SBER,1,20160523,130100,120.57,120.6,120.52,120.59,132650
SBER,1,20160524,145400,122.67,122.67,122.63,122.66,11650
SBER,1,20160524,172700,123.39,123.39,123.35,123.38,24250
SBER,1,20160525,111100,126.81,126.83,126.7,126.78,1142450
SBER,1,20160526,153200,132.07,132.07,131.88,132.05,507870
SBER,1,20160527,104800,133.7,133.72,133.5,133.71,659660
SBER,1,20160527,113600,132.46,132.47,132.34,132.45,254270
SBER,1,20160530,103500,134.15,134.16,133.95,134.13,267680
SBER,1,20160531,130800,135.08,135.18,134.97,135.13,251500
SBER,1,20160602,173800,131.01,131.01,130.93,131,8920
SBER,1,20160603,180900,131.62,131.62,131.47,131.58,94630
SBER,1,20160606,132300,134.26,134.26,134.11,134.24,31710
SBER,1,20160607,110200,137.14,137.15,137.11,137.15,146710
SBER,1,20160610,162300,134.89,134.89,134.71,134.85,259060
SBER,1,20160610,174100,133.96,133.98,133.87,133.94,119700
SBER,1,20160614,145200,127.13,127.18,127.02,127.18,107240
SBER,1,20160617,150400,130.44,130.48,130.37,130.46,149090
SBER,1,20160620,122300,133.03,133.08,132.91,133.08,102160
SBER,1,20160621,150400,131.18,131.18,131.12,131.16,24980
SBER,1,20160622,132500,134.5,134.5,134.43,134.48,5440
SBER,1,20160622,160900,134.47,134.47,134.35,134.45,20000
SBER,1,20160622,173900,135.02,135.03,134.82,134.97,182190
SBER,1,20160622,174900,135.29,135.29,135.13,135.26,160970
SBER,1,20160624,102100,130.53,130.55,130.22,130.48,820190
SBER,1,20160627,124000,131.65,131.67,131.52,131.62,120690
SBER,1,20160628,120000,126.52,126.62,126.35,126.59,540470
SBER,1,20160628,142300,128.11,128.15,127.95,128.15,311170
SBER,1,20160628,143500,128.06,128.06,127.96,128.04,106890
SBER,1,20160629,123000,131.74,131.75,131.67,131.73,15730
SBER,1,20160704,120700,134.65,134.67,134.59,134.66,86740
SBER,1,20160704,171100,134.06,134.06,133.85,134.04,207390
SBER,1,20160705,110500,132.46,132.48,132.42,132.48,2210
SBER,1,20160705,142600,132,132,131.93,131.98,30390
SBER,1,20160706,142400,128.68,128.7,128.64,128.69,6360
SBER,1,20160706,174800,128.16,128.16,128.12,128.15,27350
SBER,1,20160708,133300,132.07,132.08,132.02,132.08,39560
SBER,1,20160711,164900,136.74,136.76,136.69,136.76,65980
SBER,1,20160712,115400,139.03,139.04,139.01,139.04,33400
SBER,1,20160713,133000,138.87,138.87,138.77,138.84,56890
SBER,1,20160713,160800,139.4,139.46,139.31,139.44,26950
SBER,1,20160714,112000,138.64,138.64,138.5,138.62,19480
SBER,1,20160714,164600,139.36,139.4,139.25,139.38,78040
SBER,1,20160715,125700,138.12,138.14,138.02,138.09,20900
SBER,1,20160718,123800,139.33,139.42,139.18,139.39,149600
SBER,1,20160718,125500,138.96,138.96,138.63,138.87,882700
SBER,1,20160718,132000,138.69,138.69,138.5,138.65,269240
SBER,1,20160720,120400,139.7,139.74,139.57,139.74,75230
SBER,1,20160720,175900,138.73,138.73,138.55,138.7,119630
SBER,1,20160721,151600,138.67,138.68,138.63,138.68,1830
SBER,1,20160721,181600,138.68,138.7,138.65,138.69,7480
SBER,1,20160722,161200,138.04,138.05,137.9,138.05,61240
SBER,1,20160725,135300,136.06,136.08,136.02,136.07,19900
SBER,1,20160725,162200,136.07,136.07,136.03,136.06,1790
SBER,1,20160726,105900,134.58,134.59,134.55,134.59,224110
SBER,1,20160726,120900,134.74,134.75,134.72,134.75,27790
SBER,1,20160726,181400,134.95,134.98,134.9,134.97,12650
SBER,1,20160728,132200,135.6,135.6,135.51,135.58,78890
SBER,1,20160728,152800,136.99,137,136.95,136.98,5610
SBER,1,20160728,180000,136.37,136.39,136.31,136.38,152930
SBER,1,20160729,114600,136.83,136.84,136.8,136.84,20630
SBER,1,20160729,153200,136.88,136.89,136.81,136.89,21750
SBER,1,20160729,183000,139.5,139.51,139.47,139.51,118450
SBER,1,20160801,105900,140.14,140.15,140.06,140.12,73280
SBER,1,20160801,134000,139.03,139.03,138.8,139.02,562130
SBER,1,20160801,141400,138.81,138.81,138.71,138.8,255850
SBER,1,20160802,110500,137.45,137.52,137.34,137.5,101950
SBER,1,20160803,141100,134.85,134.88,134.77,134.87,48310
SBER,1,20160803,165600,135.17,135.17,135.08,135.15,5660
SBER,1,20160804,114700,137.02,137.04,136.91,137,215180
SBER,1,20160804,123000,136.79,136.79,136.68,136.77,13210
SBER,1,20160809,145100,138.36,138.4,138.2,138.38,254800
SBER,1,20160809,171100,139.27,139.29,139.22,139.29,55970
SBER,1,20160810,123000,139.11,139.12,139.08,139.12,4030
SBER,1,20160810,142300,139.34,139.35,139.3,139.35,14210
SBER,1,20160811,153400,138.95,138.97,138.92,138.96,16840
SBER,1,20160812,105200,140.57,140.58,140.4,140.53,252620
SBER,1,20160815,102600,139.7,139.76,139.61,139.74,133300
SBER,1,20160815,160000,139.29,139.31,139.23,139.3,85690
SBER,1,20160815,172000,139.5,139.53,139.38,139.52,142530
SBER,1,20160818,150100,138.62,138.62,138.46,138.6,471750
SBER,1,20160819,161400,136.11,136.13,136.06,136.13,19980
SBER,1,20160822,135500,135.47,135.52,135.39,135.51,54450
SBER,1,20160823,103500,137.57,137.62,137.51,137.6,68080
SBER,1,20160824,121900,140.03,140.03,139.96,140.02,43400
SBER,1,20160824,133700,139.83,139.83,139.79,139.82,4780
SBER,1,20160824,153000,139.51,139.51,139.42,139.5,18900
SBER,1,20160824,162600,138.58,138.62,138.53,138.6,426480
SBER,1,20160829,144500,143.61,143.61,143.57,143.6,26290
SBER,1,20160829,183400,143.38,143.38,143.31,143.36,57760
SBER,1,20160830,154400,144.75,144.81,144.62,144.79,228670
SBER,1,20160830,155500,144.99,145.02,144.95,145.01,30640
SBER,1,20160830,175100,143.35,143.37,143.27,143.37,299230
SBER,1,20160901,110000,143.76,143.76,143.63,143.74,110430
SBER,1,20160901,120700,144.25,144.25,144.17,144.23,64070
SBER,1,20160902,165200,146.73,146.73,146.67,146.71,77740
SBER,1,20160902,183200,146.61,146.63,146.5,146.58,436490
SBER,1,20160905,122400,149.18,149.18,149.05,149.14,223350
SBER,1,20160905,125300,148.97,148.97,148.93,148.96,18970
SBER,1,20160908,105000,155.24,155.24,155.16,155.22,50070
SBER,1,20160908,133000,153.94,153.94,153.84,153.92,28430
SBER,1,20160909,113000,152.11,152.11,152.05,152.1,17490
SBER,1,20160909,133000,151.72,151.74,151.66,151.74,23580
SBER,1,20160912,111400,150.2,150.2,150.15,150.19,10380
SBER,1,20160913,171400,149.96,149.98,149.9,149.98,74540
SBER,1,20160913,175900,150.12,150.12,150.09,150.11,7200
SBER,1,20160914,183500,150.49,150.5,150.45,150.5,14120
SBER,1,20160916,173800,148.4,148.4,148.37,148.39,51000
SBER,1,20160920,105600,147.93,147.93,147.89,147.92,3780
SBER,1,20160920,112300,147.14,147.2,147.05,147.18,101950
SBER,1,20160922,151300,153.02,153.03,153,153.03,66680
SBER,1,20160922,165900,154.41,154.42,154.34,154.4,15850
SBER,1,20160923,175500,150.6,150.6,150.52,150.58,42940
SBER,1,20160927,103600,148.22,148.27,148.11,148.25,224190
SBER,1,20160928,120400,148.58,148.58,148.43,148.56,86660
SBER,1,20160929,150400,148.93,148.93,148.82,148.92,108440
